0.01	50	14.87	2443.3	2592	8.174
0.01	100	17.2	2515.5	2687.5	8.449
0.01	150	19.51	2587.9	2783	8.689
0.01	200	21.83	2661.3	2879.6	8.905
0.01	250	24.14	2736.1	2977.4	9.102
0.01	300	26.45	2812.3	3076.7	9.283
0.01	350	28.76	2890	3177.5	9.451
0.01	400	31.06	2969.3	3279.9	9.609
0.01	450	33.37	3050.3	3384	9.758
0.01	500	35.68	3132.9	3489.7	9.9
0.01	600	40.3	3303.3	3706.3	10.163
0.01	700	44.91	3480.8	3929.9	10.406
0.01	800	49.53	3665.3	4160.6	10.631
0.01	900	54.14	3856.9	4398.3	10.843
0.01	1000	58.76	4055.2	4642.8	11.043
0.05	100	3.419	2511.5	2682.4	7.695
0.05	150	3.89	2585.7	2780.2	7.941
0.05	200	4.356	2660	2877.8	8.159
0.05	250	4.821	2735.1	2976.1	8.357
0.05	300	5.284	2811.6	3075.8	8.539
0.05	350	5.747	2889.4	3176.8	8.708
0.05	400	6.209	2968.9	3279.3	8.866
0.05	450	6.672	3049.9	3383.5	9.015
0.05	500	7.134	3132.6	3489.3	9.157
0.05	600	8.058	3303.1	3706	9.42
0.05	700	8.981	3480.6	3929.7	9.663
0.05	800	9.905	3665.2	4160.4	9.888
0.05	900	10.828	3856.8	4398.2	10.1
0.05	1000	11.751	4055.1	4642.7	10.3
0.1	100	1.696	2506.2	2675.8	7.361
0.1	150	1.937	2582.9	2776.6	7.615
0.1	200	2.172	2658.2	2875.5	7.836
0.1	250	2.406	2733.9	2974.5	8.035
0.1	300	2.639	2810.6	3074.5	8.217
0.1	350	2.871	2888.7	3175.8	8.387
0.1	400	3.103	2968.3	3278.6	8.545
0.1	450	3.334	3049.4	3382.8	8.695
0.1	500	3.566	3132.2	3488.7	8.836
0.1	600	4.028	3302.8	3705.6	9.1
0.1	700	4.49	3480.4	3929.4	9.342
0.1	800	4.952	3665	4160.2	9.568
0.1	900	5.414	3856.6	4398	9.78
0.1	1000	5.875	4055	4642.6	9.98
0.2	150	0.9599	2577.1	2769.1	7.281
0.2	200	1.0805	2654.6	2870.7	7.508
0.2	250	1.1989	2731.4	2971.2	7.71
0.2	300	1.3162	2808.8	3072.1	7.894
0.2	350	1.433	2887.3	3173.9	8.064
0.2	400	1.5493	2967.1	3277	8.224
0.2	450	1.6655	3048.5	3381.6	8.373
0.2	500	1.7814	3131.4	3487.7	8.515
0.2	600	2.013	3302.2	3704.8	8.779
0.2	700	2.2443	3479.9	3928.8	9.022
0.2	800	2.4755	3664.7	4159.8	9.248
0.2	900	2.7066	3856.3	4397.6	9.46
0.2	1000	2.9375	4054.8	4642.3	9.66
0.3	150	0.634	2571	2761.2	7.079
0.3	200	0.7164	2651	2865.9	7.313
0.3	250	0.7964	2728.9	2967.9	7.518
0.3	300	0.8753	2807	3069.6	7.704
0.3	350	0.9536	2885.9	3172	7.875
0.3	400	1.0315	2966	3275.5	8.035
0.3	450	1.1092	3047.5	3380.3	8.185
0.3	500	1.1867	3130.6	3486.6	8.327
0.3	600	1.3414	3301.6	3704	8.591
0.3	700	1.4958	3479.5	3928.2	8.834
0.3	800	1.65	3664.3	4159.3	9.06
0.3	900	1.8042	3856	4397.3	9.272
0.3	1000	1.9582	4054.5	4642	9.473
0.4	150	0.4709	2564.4	2752.8	6.931
0.4	200	0.5343	2647.2	2860.9	7.172
0.4	250	0.5952	2726.4	2964.5	7.38
0.4	300	0.6549	2805.1	3067.1	7.568
0.4	350	0.714	2884.4	3170	7.74
0.4	400	0.7726	2964.9	3273.9	7.9
0.4	450	0.8311	3046.6	3379	8.051
0.4	500	0.8894	3129.8	3485.5	8.193
0.4	600	1.0056	3301	3703.2	8.458
0.4	700	1.1215	3479	3927.6	8.701
0.4	800	1.2373	3663.9	4158.8	8.927
0.4	900	1.353	3855.7	4396.9	9.139
0.4	1000	1.4686	4054.3	4641.7	9.34
0.5	200	0.425	2643.3	2855.8	7.061
0.5	250	0.4744	2723.8	2961	7.272
0.5	300	0.5226	2803.2	3064.6	7.461
0.5	350	0.5702	2883	3168.1	7.635
0.5	400	0.6173	2963.7	3272.3	7.796
0.5	450	0.6642	3045.6	3377.7	7.947
0.5	500	0.7109	3129	3484.5	8.089
0.5	600	0.8041	3300.4	3702.5	8.354
0.5	700	0.897	3478.5	3927	8.598
0.5	800	0.9897	3663.6	4158.4	8.824
0.5	900	1.0823	3855.4	4396.6	9.036
0.5	1000	1.1748	4054	4641.4	9.236
0.6	200	0.3521	2639.3	2850.6	6.968
0.6	250	0.3939	2721.2	2957.6	7.183
0.6	300	0.4344	2801.4	3062	7.374
0.6	350	0.4743	2881.6	3166.1	7.548
0.6	400	0.5137	2962.5	3270.8	7.71
0.6	450	0.553	3044.7	3376.5	7.861
0.6	500	0.592	3128.2	3483.4	8.004
0.6	600	0.6698	3299.8	3701.7	8.27
0.6	700	0.7473	3478.1	3926.4	8.513
0.6	800	0.8246	3663.2	4157.9	8.74
0.6	900	0.9018	3855.1	4396.2	8.952
0.6	1000	0.9789	4053.7	4641.1	9.152
0.8	200	0.2609	2631	2839.7	6.818
0.8	250	0.2932	2715.9	2950.4	7.04
0.8	300	0.3242	2797.5	3056.9	7.235
0.8	350	0.3544	2878.6	3162.2	7.411
0.8	400	0.3843	2960.2	3267.6	7.573
0.8	450	0.4139	3042.8	3373.9	7.726
0.8	500	0.4433	3126.6	3481.3	7.869
0.8	600	0.5019	3298.7	3700.1	8.135
0.8	700	0.5601	3477.2	3925.3	8.379
0.8	800	0.6182	3662.4	4157	8.606
0.8	900	0.6762	3854.5	4395.5	8.819
0.8	1000	0.7341	4053.2	4640.5	9.019
1	200	0.206	2622.2	2828.3	6.696
1	250	0.2328	2710.4	2943.1	6.927
1	300	0.258	2793.6	3051.6	7.125
1	350	0.2825	2875.7	3158.2	7.303
1	400	0.3066	2957.9	3264.5	7.467
1	450	0.3305	3040.9	3371.3	7.62
1	500	0.3541	3125	3479.1	7.764
1	600	0.4011	3297.5	3698.6	8.031
1	700	0.4478	3476.2	3924.1	8.276
1	800	0.4944	3661.7	4156.1	8.502
1	900	0.5408	3853.9	4394.8	8.715
1	1000	0.5872	4052.7	4639.9	8.916
1.2	200	0.1693	2612.9	2816.1	6.591
1.2	250	0.1924	2704.7	2935.6	6.831
1.2	300	0.2139	2789.7	3046.3	7.034
1.2	350	0.2346	2872.7	3154.2	7.214
1.2	400	0.2548	2955.5	3261.3	7.379
1.2	450	0.2748	3038.9	3368.7	7.533
1.2	500	0.2946	3123.4	3476.9	7.678
1.2	600	0.3339	3296.3	3697	7.946
1.2	700	0.373	3475.3	3922.9	8.19
1.2	800	0.4118	3661	4155.2	8.418
1.2	900	0.4506	3853.3	4394	8.63
1.2	1000	0.4893	4052.2	4639.4	8.831
1.4	200	0.143	2602.7	2803	6.498
1.4	250	0.1636	2698.9	2927.9	6.749
1.4	300	0.1823	2785.7	3040.9	6.955
1.4	350	0.2003	2869.7	3150.1	7.138
1.4	400	0.2178	2953.1	3258.1	7.305
1.4	450	0.2351	3037	3366.1	7.459
1.4	500	0.2522	3121.8	3474.8	7.605
1.4	600	0.286	3295.1	3695.4	7.873
1.4	700	0.3195	3474.4	3921.7	8.118
1.4	800	0.3529	3660.2	4154.3	8.346
1.4	900	0.3861	3852.7	4393.3	8.559
1.4	1000	0.4193	4051.7	4638.8	8.759
1.6	225	0.1329	2645.1	2857.8	6.554
1.6	250	0.1419	2692.9	2919.9	6.675
1.6	300	0.1587	2781.6	3035.4	6.886
1.6	350	0.1746	2866.6	3146	7.071
1.6	400	0.1901	2950.7	3254.9	7.239
1.6	450	0.2053	3035	3363.5	7.395
1.6	500	0.2203	3120.1	3472.6	7.541
1.6	600	0.25	3293.9	3693.9	7.81
1.6	700	0.2794	3473.5	3920.5	8.056
1.6	800	0.3087	3659.5	4153.3	8.283
1.6	900	0.3378	3852.1	4392.6	8.497
1.6	1000	0.3669	4051.2	4638.2	8.697
1.8	225	0.1168	2637	2847.2	6.482
1.8	250	0.125	2686.7	2911.7	6.609
1.8	300	0.1403	2777.4	3029.9	6.825
1.8	350	0.1546	2863.6	3141.8	7.012
1.8	400	0.1685	2948.3	3251.6	7.181
1.8	450	0.1821	3033.1	3360.9	7.338
1.8	500	0.1955	3118.5	3470.4	7.485
1.8	600	0.222	3292.7	3692.3	7.754
1.8	700	0.2482	3472.6	3919.4	8
1.8	800	0.2743	3658.8	4152.4	8.228
1.8	900	0.3002	3851.5	4391.9	8.442
1.8	1000	0.3261	4050.7	4637.6	8.643
2	225	0.1038	2628.5	2836.1	6.416
2	250	0.1115	2680.2	2903.2	6.548
2	300	0.1255	2773.2	3024.2	6.768
2	350	0.1386	2860.5	3137.7	6.958
2	400	0.1512	2945.9	3248.3	7.129
2	450	0.1635	3031.1	3358.2	7.287
2	500	0.1757	3116.9	3468.2	7.434
2	600	0.1996	3291.5	3690.7	7.704
2	700	0.2233	3471.6	3918.2	7.951
2	800	0.2467	3658	4151.5	8.179
2	900	0.2701	3850.9	4391.1	8.393
2	1000	0.2934	4050.2	4637	8.594
2.5	250	0.0871	2663.3	2880.9	6.411
2.5	300	0.0989	2762.2	3009.6	6.646
2.5	350	0.1098	2852.5	3127	6.842
2.5	400	0.1201	2939.8	3240.1	7.017
2.5	450	0.1302	3026.2	3351.6	7.177
2.5	500	0.14	3112.8	3462.7	7.325
2.5	600	0.1593	3288.5	3686.8	7.598
2.5	700	0.1784	3469.3	3915.2	7.846
2.5	800	0.1972	3656.2	4149.2	8.074
2.5	900	0.216	3849.4	4389.3	8.288
2.5	1000	0.2347	4048.9	4635.6	8.49
3	250	0.0706	2644.7	2856.5	6.289
3	300	0.0812	2750.8	2994.3	6.541
3	350	0.0906	2844.4	3116.1	6.745
3	400	0.0994	2933.5	3231.7	6.923
3	450	0.1079	3021.2	3344.8	7.086
3	500	0.1162	3108.6	3457.2	7.236
3	600	0.1325	3285.5	3682.8	7.51
3	700	0.1484	3467	3912.2	7.759
3	800	0.1642	3654.3	4146.9	7.989
3	900	0.1799	3847.9	4387.5	8.203
3	1000	0.1955	4047.7	4634.1	8.405
3.5	250	0.0588	2624	2829.7	6.176
3.5	300	0.0685	2738.8	2978.4	6.448
3.5	350	0.0768	2836	3104.8	6.66
3.5	400	0.0846	2927.2	3223.2	6.843
3.5	450	0.092	3016.1	3338	7.007
3.5	500	0.0992	3104.5	3451.6	7.159
3.5	600	0.1133	3282.5	3678.9	7.436
3.5	700	0.127	3464.7	3909.3	7.685
3.5	800	0.1406	3652.5	4144.6	7.916
3.5	900	0.1541	3846.4	4385.7	8.13
3.5	1000	0.1675	4046.4	4632.7	8.332
4	275	0.0546	2668.9	2887.3	6.231
4	300	0.0589	2726.2	2961.7	6.364
4	350	0.0665	2827.4	3093.3	6.584
4	400	0.0734	2920.7	3214.5	6.771
4	450	0.08	3011	3331.2	6.939
4	500	0.0864	3100.3	3446	7.092
4	600	0.0989	3279.4	3674.9	7.371
4	700	0.111	3462.4	3906.3	7.621
4	800	0.1229	3650.6	4142.3	7.852
4	900	0.1348	3844.8	4383.9	8.067
4	1000	0.1465	4045.1	4631.2	8.27
4.5	275	0.0473	2651.3	2864.3	6.143
4.5	300	0.0514	2713	2944.2	6.285
4.5	350	0.0584	2818.6	3081.5	6.515
4.5	400	0.0648	2914.2	3205.6	6.707
4.5	450	0.0708	3005.8	3324.2	6.877
4.5	500	0.0765	3096	3440.4	7.032
4.5	600	0.0877	3276.4	3670.9	7.313
4.5	700	0.0985	3460	3903.3	7.565
4.5	800	0.1092	3648.8	4140	7.796
4.5	900	0.1197	3843.3	4382.1	8.012
4.5	1000	0.1302	4043.9	4629.8	8.214
5	275	0.0414	2632.3	2839.5	6.057
5	300	0.0454	2699	2925.7	6.211
5	350	0.052	2809.5	3069.3	6.452
5	400	0.0578	2907.5	3196.7	6.648
5	450	0.0633	3000.6	3317.2	6.821
5	500	0.0686	3091.7	3434.7	6.978
5	600	0.0787	3273.3	3666.8	7.261
5	700	0.0885	3457.7	3900.3	7.514
5	800	0.0982	3646.9	4137.7	7.746
5	900	0.1077	3841.8	4380.2	7.962
5	1000	0.1172	4042.6	4628.3	8.165
6	300	0.0362	2668.4	2885.5	6.07
6	350	0.0423	2790.4	3043.9	6.336
6	400	0.0474	2893.7	3178.2	6.543
6	450	0.0522	2989.9	3302.9	6.722
6	500	0.0567	3083.1	3423.1	6.883
6	600	0.0653	3267.2	3658.7	7.169
6	700	0.0736	3453	3894.3	7.425
6	800	0.0817	3643.2	4133.1	7.658
6	900	0.0896	3838.8	4376.6	7.875
6	1000	0.0976	4040.1	4625.4	8.079
7	300	0.0295	2633.5	2839.9	5.934
7	350	0.0353	2770.1	3016.9	6.23
7	400	0.04	2879.5	3159.2	6.45
7	450	0.0442	2979	3288.3	6.635
7	500	0.0482	3074.3	3411.4	6.8
7	600	0.0557	3260.9	3650.6	7.091
7	700	0.0629	3448.3	3888.2	7.349
7	800	0.0699	3639.5	4128.4	7.584
7	900	0.0768	3835.7	4373	7.801
7	1000	0.0836	4037.5	4622.5	8.006
8	300	0.0243	2592.3	2786.5	5.794
8	350	0.03	2748.3	2988.1	6.132
8	400	0.0343	2864.6	3139.4	6.366
8	450	0.0382	2967.8	3273.3	6.558
8	500	0.0418	3065.4	3399.5	6.727
8	600	0.0485	3254.7	3642.4	7.022
8	700	0.0548	3443.6	3882.2	7.282
8	800	0.061	3635.7	4123.8	7.518
8	900	0.0671	3832.6	4369.3	7.737
8	1000	0.0731	4035	4619.6	7.942
9	350	0.0258	2724.9	2957.3	6.038
9	400	0.03	2849.2	3118.8	6.288
9	450	0.0335	2956.3	3258	6.487
9	500	0.0368	3056.3	3387.4	6.66
9	600	0.0429	3248.4	3634.1	6.961
9	700	0.0486	3438.8	3876.1	7.223
9	800	0.0541	3632	4119.1	7.461
9	900	0.0596	3829.6	4365.7	7.68
9	1000	0.0649	4032.4	4616.7	7.886
10	350	0.0224	2699.6	2924	5.946
10	400	0.0264	2833.1	3097.4	6.214
10	450	0.0298	2944.5	3242.3	6.422
10	500	0.0328	3047	3375.1	6.6
10	600	0.0384	3242	3625.8	6.905
10	700	0.0436	3434	3870	7.169
10	800	0.0486	3628.2	4114.5	7.409
10	900	0.0536	3826.5	4362	7.629
10	1000	0.0584	4029.9	4613.8	7.835
12.5	350	0.0161	2624.8	2826.6	5.713
12.5	400	0.02	2789.6	3040	6.043
12.5	450	0.023	2913.7	3201.4	6.275
12.5	500	0.0256	3023.2	3343.6	6.465
12.5	600	0.0303	3225.8	3604.6	6.783
12.5	700	0.0346	3422	3854.6	7.054
12.5	800	0.0387	3618.7	4102.8	7.297
12.5	900	0.0427	3818.9	4352.9	7.519
12.5	1000	0.0466	4023.5	4606.5	7.727
15	375	0.0139	2650.4	2858.9	5.705
15	400	0.0157	2740.6	2975.7	5.882
15	450	0.0185	2880.7	3157.9	6.143
15	500	0.0208	2998.4	3310.8	6.348
15	600	0.0249	3209.3	3583.1	6.68
15	700	0.0286	3409.8	3839.1	6.957
15	800	0.0321	3609.2	4091.1	7.204
15	900	0.0355	3811.2	4343.7	7.429
15	1000	0.0388	4017.1	4599.2	7.638
17.5	375	0.01056	2567.5	2752.3	5.494
17.5	400	0.01246	2684.3	2902.4	5.721
17.5	450	0.0152	2845.4	3111.4	6.021
17.5	500	0.01739	2972.4	3276.7	6.242
17.5	600	0.02107	3192.5	3561.3	6.589
17.5	700	0.02434	3397.5	3823.5	6.873
17.5	800	0.02741	3599.7	4079.3	7.124
17.5	900	0.03035	3803.4	4334.5	7.351
17.5	1000	0.03322	4010.7	4592	7.562
20	375	0.00768	2449.1	2602.6	5.228
20	400	0.00995	2617.9	2816.9	5.553
20	450	0.01272	2807.2	3061.7	5.904
20	500	0.01479	2945.3	3241.2	6.145
20	600	0.01819	3175.3	3539	6.508
20	700	0.02113	3385.1	3807.8	6.799
20	800	0.02387	3590.1	4067.5	7.053
20	900	0.02648	3795.7	4325.4	7.283
20	1000	0.02902	4004.3	4584.7	7.495
25	375	0.00196	1799.9	1849.4	4.034
25	400	0.00601	2428.5	2578.6	5.14
25	450	0.00918	2721.2	2950.6	5.676
25	500	0.01114	2887.3	3165.9	5.964
25	600	0.01414	3140	3493.5	6.364
25	700	0.01664	3359.9	3776	6.67
25	800	0.01892	3570.7	4043.8	6.932
25	900	0.02108	3780.2	4307.1	7.167
25	1000	0.02315	3991.5	4570.2	7.382
30	375	0.00179	1738.1	1791.8	3.931
30	400	0.0028	2068.9	2152.8	4.476
30	450	0.00674	2618.9	2821	5.442
30	500	0.00869	2824	3084.7	5.796
30	600	0.01145	3103.4	3446.7	6.237
30	700	0.01365	3334.3	3743.9	6.56
30	800	0.01563	3551.2	4020	6.83
30	900	0.01747	3764.6	4288.8	7.07
30	1000	0.01924	3978.6	4555.8	7.288
40	375	0.00164	1677	1742.6	3.829
40	400	0.00191	1854.9	1931.4	4.115
40	450	0.00369	2364.2	2511.8	4.945
40	500	0.00562	2681.6	2906.5	5.474
40	600	0.00809	3026.8	3350.4	6.017
40	700	0.00993	3282	3679.1	6.374
40	800	0.01152	3511.8	3972.6	6.661
40	900	0.01298	3733.3	4252.5	6.911
40	1000	0.01436	3952.9	4527.3	7.136
